q,Componentes Conexos,Tamaño Clúster Mayor,N_sc
0.0,40000.0,1.0,2.5e-05
0.01,39995.0,2.0,5e-05
0.02,39979.0,2.0,5e-05
0.03,39944.0,3.0,7.5e-05
0.04,39872.0,4.0,0.0001
0.05,39819.0,4.0,0.0001
0.06,39733.0,5.0,0.000125
0.07,39643.0,5.0,0.000125
0.08,39534.0,8.0,0.0002
0.09,39415.0,8.0,0.0002
0.1,39251.0,8.0,0.0002
0.11,39065.0,8.0,0.0002
0.12,38864.0,9.0,0.000225
0.13,38647.0,11.0,0.000275
0.14,38473.0,13.0,0.000325
0.15,38241.0,13.0,0.000325
0.16,38032.0,13.0,0.000325
0.17,37767.0,15.0,0.000375
0.18,37483.0,16.0,0.0004
0.19,37183.0,16.0,0.0004
0.2,36911.0,16.0,0.0004
0.21,36582.0,16.0,0.0004
0.22,36263.0,17.0,0.000425
0.23,35920.0,17.0,0.000425
0.24,35561.0,18.0,0.00045
0.25,35200.0,19.0,0.000475
0.26,34822.0,22.0,0.00055
0.27,34459.0,22.0,0.00055
0.28,34057.0,22.0,0.00055
0.29,33640.0,22.0,0.00055
0.3,33260.0,23.0,0.000575
0.31,32800.0,32.0,0.0008
0.32,32381.0,37.0,0.000925
0.33,31920.0,45.0,0.001125
0.34,31426.0,45.0,0.001125
0.35,30981.0,45.0,0.001125
0.36,30485.0,47.0,0.001175
0.37,29942.0,49.0,0.001225
0.38,29504.0,49.0,0.001225
0.39,28968.0,56.0,0.0014
0.4,28426.0,76.0,0.0019
0.41,27919.0,76.0,0.0019
0.42,27383.0,78.0,0.00195
0.43,26907.0,80.0,0.002
0.44,26348.0,98.0,0.00245
0.45,25815.0,118.0,0.00295
0.46,25252.0,177.0,0.004425
0.47,24607.0,237.0,0.005925
0.48,24017.0,264.0,0.0066
0.49,23434.0,273.0,0.006825
0.5,22804.0,275.0,0.006875
0.51,22218.0,300.0,0.0075
0.52,21674.0,331.0,0.008275
0.53,21141.0,495.0,0.012375
0.54,20555.0,715.0,0.017875
0.55,19953.0,730.0,0.01825
0.56,19382.0,807.0,0.020175
0.57,18773.0,1481.0,0.037025
0.58,18164.0,5091.0,0.127275
0.59,17678.0,7593.0,0.189825
0.6,17131.0,10121.0,0.253025
0.61,16664.0,14818.0,0.37045
0.62,16121.0,16650.0,0.41625
0.63,15639.0,22021.0,0.550525
0.64,15153.0,23321.0,0.583025
0.65,14671.0,24165.0,0.604125
0.66,14206.0,24759.0,0.618975
0.67,13720.0,25373.0,0.634325
0.68,13260.0,26042.0,0.65105
0.69,12801.0,26583.0,0.664575
0.7,12367.0,27072.0,0.6768
0.71,11936.0,27583.0,0.689575
0.72,11474.0,28091.0,0.702275
0.73,11019.0,28581.0,0.714525
0.74,10579.0,29069.0,0.726725
0.75,10179.0,29533.0,0.738325
0.76,9723.0,29967.0,0.749175
0.77,9294.0,30430.0,0.76075
0.78,8888.0,30853.0,0.771325
0.79,8491.0,31245.0,0.781125
0.8,8053.0,31662.0,0.79155
0.81,7639.0,32095.0,0.802375
0.82,7228.0,32518.0,0.81295
0.83,6817.0,32948.0,0.8237
0.84,6397.0,33339.0,0.833475
0.85,5977.0,33755.0,0.843875
0.86,5593.0,34192.0,0.8548
0.87,5195.0,34574.0,0.86435
0.88,4797.0,34975.0,0.874375
0.89,4390.0,35386.0,0.88465
0.9,4016.0,35774.0,0.89435
0.91,3604.0,36159.0,0.903975
0.92,3189.0,36574.0,0.91435
0.93,2775.0,37005.0,0.925125
0.94,2368.0,37391.0,0.934775
0.95,1983.0,37775.0,0.944375
0.96,1574.0,38198.0,0.95495
0.97,1198.0,38600.0,0.965
0.98,782.0,38976.0,0.9744
0.99,376.0,39405.0,0.985125
1.0,1.0,39807.0,0.995175
,,,
0.0,40000.0,1.0,2.5e-05
0.01,39990.0,2.0,5e-05
0.02,39966.0,2.0,5e-05
0.03,39926.0,4.0,0.0001
0.04,39886.0,5.0,0.000125
0.05,39813.0,5.0,0.000125
0.06,39729.0,5.0,0.000125
0.07,39608.0,6.0,0.00015
0.08,39501.0,6.0,0.00015
0.09,39396.0,7.0,0.000175
0.1,39228.0,7.0,0.000175
0.11,39057.0,7.0,0.000175
0.12,38872.0,7.0,0.000175
0.13,38671.0,7.0,0.000175
0.14,38442.0,7.0,0.000175
0.15,38237.0,8.0,0.0002
0.16,37986.0,9.0,0.000225
0.17,37718.0,10.0,0.00025
0.18,37431.0,10.0,0.00025
0.19,37142.0,11.0,0.000275
0.2,36832.0,13.0,0.000325
0.21,36509.0,13.0,0.000325
0.22,36197.0,14.0,0.00035
0.23,35882.0,14.0,0.00035
0.24,35518.0,15.0,0.000375
0.25,35126.0,19.0,0.000475
0.26,34754.0,21.0,0.000525
0.27,34353.0,24.0,0.0006
0.28,33910.0,24.0,0.0006
0.29,33503.0,25.0,0.000625
0.3,33068.0,27.0,0.000675
0.31,32640.0,27.0,0.000675
0.32,32164.0,39.0,0.000975
0.33,31670.0,40.0,0.001
0.34,31158.0,42.0,0.00105
0.35,30700.0,44.0,0.0011
0.36,30174.0,44.0,0.0011
0.37,29681.0,44.0,0.0011
0.38,29174.0,60.0,0.0015
0.39,28690.0,72.0,0.0018
0.4,28207.0,72.0,0.0018
0.41,27666.0,107.0,0.002675
0.42,27069.0,107.0,0.002675
0.43,26466.0,110.0,0.00275
0.44,25861.0,114.0,0.00285
0.45,25345.0,199.0,0.004975
0.46,24780.0,201.0,0.005025
0.47,24174.0,206.0,0.00515
0.48,23567.0,280.0,0.007
0.49,23007.0,333.0,0.008325
0.5,22388.0,334.0,0.00835
0.51,21845.0,381.0,0.009525
0.52,21311.0,392.0,0.0098
0.53,20698.0,649.0,0.016225
0.54,20090.0,692.0,0.0173
0.55,19489.0,1270.0,0.03175
0.56,18906.0,1497.0,0.037425
0.57,18322.0,2505.0,0.062625
0.58,17800.0,6231.0,0.155775
0.59,17235.0,7670.0,0.19175
0.6,16700.0,13282.0,0.33205
0.61,16219.0,21160.0,0.529
0.62,15760.0,22123.0,0.553075
0.63,15308.0,23072.0,0.5768
0.64,14831.0,23729.0,0.593225
0.65,14365.0,24474.0,0.61185
0.66,13898.0,25166.0,0.62915
0.67,13469.0,25735.0,0.643375
0.68,13081.0,26223.0,0.655575
0.69,12610.0,26721.0,0.668025
0.7,12172.0,27250.0,0.68125
0.71,11754.0,27747.0,0.693675
0.72,11334.0,28222.0,0.70555
0.73,10920.0,28668.0,0.7167
0.74,10481.0,29106.0,0.72765
0.75,10100.0,29554.0,0.73885
0.76,9672.0,29968.0,0.7492
0.77,9246.0,30420.0,0.7605
0.78,8830.0,30847.0,0.771175
0.79,8482.0,31249.0,0.781225
0.8,8064.0,31616.0,0.7904
0.81,7645.0,32051.0,0.801275
0.82,7235.0,32478.0,0.81195
0.83,6812.0,32889.0,0.822225
0.84,6400.0,33290.0,0.83225
0.85,6015.0,33710.0,0.84275
0.86,5622.0,34095.0,0.852375
0.87,5220.0,34494.0,0.86235
0.88,4836.0,34902.0,0.87255
0.89,4452.0,35284.0,0.8821
0.9,4056.0,35673.0,0.891825
0.91,3632.0,36059.0,0.901475
0.92,3230.0,36502.0,0.91255
0.93,2820.0,36885.0,0.922125
0.94,2428.0,37296.0,0.9324
0.95,2029.0,37688.0,0.9422
0.96,1652.0,38093.0,0.952325
0.97,1200.0,38479.0,0.961975
0.98,811.0,38911.0,0.972775
0.99,394.0,39322.0,0.98305
1.0,1.0,39730.0,0.99325
,,,
0.0,40000.0,1.0,2.5e-05
0.01,39991.0,2.0,5e-05
0.02,39973.0,3.0,7.5e-05
0.03,39942.0,3.0,7.5e-05
0.04,39886.0,3.0,7.5e-05
0.05,39805.0,5.0,0.000125
0.06,39703.0,5.0,0.000125
0.07,39602.0,5.0,0.000125
0.08,39497.0,5.0,0.000125
0.09,39365.0,5.0,0.000125
0.1,39228.0,6.0,0.00015
0.11,39076.0,6.0,0.00015
0.12,38897.0,7.0,0.000175
0.13,38712.0,7.0,0.000175
0.14,38505.0,8.0,0.0002
0.15,38271.0,8.0,0.0002
0.16,38021.0,11.0,0.000275
0.17,37755.0,11.0,0.000275
0.18,37504.0,12.0,0.0003
0.19,37215.0,12.0,0.0003
0.2,36909.0,13.0,0.000325
0.21,36586.0,15.0,0.000375
0.22,36312.0,15.0,0.000375
0.23,35992.0,15.0,0.000375
0.24,35657.0,15.0,0.000375
0.25,35280.0,23.0,0.000575
0.26,34937.0,23.0,0.000575
0.27,34548.0,23.0,0.000575
0.28,34112.0,28.0,0.0007
0.29,33680.0,28.0,0.0007
0.3,33217.0,28.0,0.0007
0.31,32820.0,28.0,0.0007
0.32,32369.0,30.0,0.00075
0.33,31898.0,33.0,0.000825
0.34,31398.0,35.0,0.000875
0.35,30878.0,40.0,0.001
0.36,30406.0,42.0,0.00105
0.37,29902.0,47.0,0.001175
0.38,29351.0,49.0,0.001225
0.39,28801.0,55.0,0.001375
0.4,28254.0,55.0,0.001375
0.41,27685.0,71.0,0.001775
0.42,27151.0,72.0,0.0018
0.43,26561.0,72.0,0.0018
0.44,26047.0,96.0,0.0024
0.45,25465.0,99.0,0.002475
0.46,24896.0,174.0,0.00435
0.47,24275.0,266.0,0.00665
0.48,23749.0,272.0,0.0068
0.49,23243.0,286.0,0.00715
0.5,22616.0,298.0,0.00745
0.51,22039.0,405.0,0.010125
0.52,21458.0,557.0,0.013925
0.53,20887.0,571.0,0.014275
0.54,20289.0,655.0,0.016375
0.55,19690.0,816.0,0.0204
0.56,19130.0,1048.0,0.0262
0.57,18557.0,1401.0,0.035025
0.58,17984.0,2438.0,0.06095
0.59,17442.0,8422.0,0.21055
0.6,16923.0,12989.0,0.324725
0.61,16406.0,15795.0,0.394875
0.62,15869.0,20717.0,0.517925
0.63,15408.0,22511.0,0.562775
0.64,14955.0,23479.0,0.586975
0.65,14461.0,24108.0,0.6027
0.66,14014.0,24949.0,0.623725
0.67,13524.0,25504.0,0.6376
0.68,13088.0,26174.0,0.65435
0.69,12644.0,26668.0,0.6667
0.7,12204.0,27181.0,0.679525
0.71,11765.0,27706.0,0.69265
0.72,11335.0,28232.0,0.7058
0.73,10939.0,28657.0,0.716425
0.74,10475.0,29101.0,0.727525
0.75,10088.0,29549.0,0.738725
0.76,9687.0,29966.0,0.74915
0.77,9263.0,30378.0,0.75945
0.78,8839.0,30805.0,0.770125
0.79,8420.0,31252.0,0.7813
0.8,8003.0,31653.0,0.791325
0.81,7600.0,32070.0,0.80175
0.82,7173.0,32489.0,0.812225
0.83,6773.0,32916.0,0.8229
0.84,6367.0,33308.0,0.8327
0.85,5969.0,33731.0,0.843275
0.86,5546.0,34127.0,0.853175
0.87,5142.0,34548.0,0.8637
0.88,4753.0,34941.0,0.873525
0.89,4341.0,35332.0,0.8833
0.9,3960.0,35750.0,0.89375
0.91,3557.0,36135.0,0.903375
0.92,3166.0,36530.0,0.91325
0.93,2778.0,36910.0,0.92275
0.94,2399.0,37303.0,0.932575
0.95,1990.0,37690.0,0.94225
0.96,1588.0,38093.0,0.952325
0.97,1192.0,38502.0,0.96255
0.98,774.0,38923.0,0.973075
0.99,392.0,39318.0,0.98295
1.0,1.0,39697.0,0.992425
,,,
0.0,40000.0,1.0,2.5e-05
0.01,39998.0,2.0,5e-05
0.02,39973.0,2.0,5e-05
0.03,39944.0,3.0,7.5e-05
0.04,39882.0,4.0,0.0001
0.05,39809.0,4.0,0.0001
0.06,39727.0,4.0,0.0001
0.07,39625.0,5.0,0.000125
0.08,39516.0,5.0,0.000125
0.09,39365.0,5.0,0.000125
0.1,39222.0,5.0,0.000125
0.11,39053.0,8.0,0.0002
0.12,38872.0,8.0,0.0002
0.13,38688.0,8.0,0.0002
0.14,38478.0,8.0,0.0002
0.15,38247.0,8.0,0.0002
0.16,37993.0,9.0,0.000225
0.17,37738.0,12.0,0.0003
0.18,37506.0,13.0,0.000325
0.19,37201.0,13.0,0.000325
0.2,36889.0,13.0,0.000325
0.21,36589.0,13.0,0.000325
0.22,36241.0,16.0,0.0004
0.23,35881.0,16.0,0.0004
0.24,35561.0,16.0,0.0004
0.25,35216.0,16.0,0.0004
0.26,34817.0,17.0,0.000425
0.27,34417.0,19.0,0.000475
0.28,34008.0,19.0,0.000475
0.29,33556.0,23.0,0.000575
0.3,33123.0,25.0,0.000625
0.31,32724.0,25.0,0.000625
0.32,32305.0,40.0,0.001
0.33,31832.0,66.0,0.00165
0.34,31373.0,66.0,0.00165
0.35,30905.0,68.0,0.0017
0.36,30445.0,69.0,0.001725
0.37,29956.0,70.0,0.00175
0.38,29453.0,71.0,0.001775
0.39,28917.0,71.0,0.001775
0.4,28438.0,77.0,0.001925
0.41,27892.0,77.0,0.001925
0.42,27422.0,77.0,0.001925
0.43,26905.0,78.0,0.00195
0.44,26325.0,97.0,0.002425
0.45,25710.0,106.0,0.00265
0.46,25181.0,146.0,0.00365
0.47,24570.0,147.0,0.003675
0.48,23956.0,190.0,0.00475
0.49,23437.0,226.0,0.00565
0.5,22837.0,306.0,0.00765
0.51,22239.0,326.0,0.00815
0.52,21662.0,335.0,0.008375
0.53,21040.0,382.0,0.00955
0.54,20436.0,531.0,0.013275
0.55,19906.0,536.0,0.0134
0.56,19386.0,687.0,0.017175
0.57,18739.0,1448.0,0.0362
0.58,18183.0,3568.0,0.0892
0.59,17610.0,5573.0,0.139325
0.6,17069.0,9538.0,0.23845
0.61,16523.0,17064.0,0.4266
0.62,16027.0,18235.0,0.455875
0.63,15556.0,18849.0,0.471225
0.64,15056.0,22223.0,0.555575
0.65,14573.0,24093.0,0.602325
0.66,14082.0,24864.0,0.6216
0.67,13610.0,25645.0,0.641125
0.68,13170.0,26270.0,0.65675
0.69,12714.0,26794.0,0.66985
0.7,12256.0,27299.0,0.682475
0.71,11818.0,27840.0,0.696
0.72,11385.0,28306.0,0.70765
0.73,10948.0,28760.0,0.719
0.74,10512.0,29192.0,0.7298
0.75,10116.0,29652.0,0.7413
0.76,9696.0,30051.0,0.751275
0.77,9259.0,30496.0,0.7624
0.78,8849.0,30913.0,0.772825
0.79,8426.0,31336.0,0.7834
0.8,8013.0,31782.0,0.79455
0.81,7596.0,32173.0,0.804325
0.82,7160.0,32601.0,0.815025
0.83,6760.0,33017.0,0.825425
0.84,6362.0,33446.0,0.83615
0.85,5931.0,33859.0,0.846475
0.86,5549.0,34236.0,0.8559
0.87,5159.0,34650.0,0.86625
0.88,4779.0,35007.0,0.875175
0.89,4363.0,35428.0,0.8857
0.9,3971.0,35836.0,0.8959
0.91,3580.0,36214.0,0.90535
0.92,3183.0,36620.0,0.9155
0.93,2811.0,36990.0,0.92475
0.94,2417.0,37376.0,0.9344
0.95,2013.0,37769.0,0.944225
0.96,1615.0,38189.0,0.954725
0.97,1189.0,38597.0,0.964925
0.98,815.0,38996.0,0.9749
0.99,387.0,39385.0,0.984625
1.0,1.0,39821.0,0.995525
,,,
0.0,40000.0,1.0,2.5e-05
0.01,39994.0,2.0,5e-05
0.02,39972.0,3.0,7.5e-05
0.03,39923.0,3.0,7.5e-05
0.04,39868.0,3.0,7.5e-05
0.05,39776.0,4.0,0.0001
0.06,39683.0,4.0,0.0001
0.07,39567.0,5.0,0.000125
0.08,39445.0,5.0,0.000125
0.09,39268.0,6.0,0.00015
0.1,39118.0,6.0,0.00015
0.11,38934.0,6.0,0.00015
0.12,38778.0,7.0,0.000175
0.13,38556.0,7.0,0.000175
0.14,38364.0,8.0,0.0002
0.15,38120.0,8.0,0.0002
0.16,37882.0,12.0,0.0003
0.17,37639.0,12.0,0.0003
0.18,37387.0,12.0,0.0003
0.19,37097.0,14.0,0.00035
0.2,36786.0,15.0,0.000375
0.21,36475.0,18.0,0.00045
0.22,36131.0,19.0,0.000475
0.23,35801.0,21.0,0.000525
0.24,35454.0,21.0,0.000525
0.25,35091.0,25.0,0.000625
0.26,34723.0,31.0,0.000775
0.27,34259.0,36.0,0.0009
0.28,33829.0,37.0,0.000925
0.29,33412.0,37.0,0.000925
0.3,32932.0,37.0,0.000925
0.31,32470.0,37.0,0.000925
0.32,32014.0,39.0,0.000975
0.33,31548.0,60.0,0.0015
0.34,31092.0,60.0,0.0015
0.35,30647.0,62.0,0.00155
0.36,30172.0,63.0,0.001575
0.37,29650.0,63.0,0.001575
0.38,29118.0,71.0,0.001775
0.39,28610.0,81.0,0.002025
0.4,28020.0,82.0,0.00205
0.41,27473.0,88.0,0.0022
0.42,27008.0,91.0,0.002275
0.43,26473.0,91.0,0.002275
0.44,25936.0,110.0,0.00275
0.45,25413.0,110.0,0.00275
0.46,24856.0,139.0,0.003475
0.47,24251.0,145.0,0.003625
0.48,23634.0,206.0,0.00515
0.49,23086.0,228.0,0.0057
0.5,22498.0,234.0,0.00585
0.51,21966.0,296.0,0.0074
0.52,21372.0,324.0,0.0081
0.53,20790.0,385.0,0.009625
0.54,20233.0,463.0,0.011575
0.55,19676.0,819.0,0.020475
0.56,19132.0,1711.0,0.042775
0.57,18613.0,1927.0,0.048175
0.58,18091.0,3521.0,0.088025
0.59,17585.0,5705.0,0.142625
0.6,17083.0,17987.0,0.449675
0.61,16595.0,20023.0,0.500575
0.62,16073.0,21216.0,0.5304
0.63,15591.0,22375.0,0.559375
0.64,15130.0,23302.0,0.58255
0.65,14653.0,23937.0,0.598425
0.66,14185.0,24819.0,0.620475
0.67,13735.0,25506.0,0.63765
0.68,13334.0,26052.0,0.6513
0.69,12909.0,26542.0,0.66355
0.7,12444.0,27149.0,0.678725
0.71,11996.0,27641.0,0.691025
0.72,11570.0,28121.0,0.703025
0.73,11154.0,28563.0,0.714075
0.74,10717.0,28993.0,0.724825
0.75,10284.0,29469.0,0.736725
0.76,9813.0,29932.0,0.7483
0.77,9367.0,30429.0,0.760725
0.78,8951.0,30846.0,0.77115
0.79,8524.0,31280.0,0.782
0.8,8105.0,31689.0,0.792225
0.81,7687.0,32148.0,0.8037
0.82,7279.0,32541.0,0.813525
0.83,6895.0,32929.0,0.823225
0.84,6474.0,33325.0,0.833125
0.85,6038.0,33763.0,0.844075
0.86,5635.0,34184.0,0.8546
0.87,5247.0,34575.0,0.864375
0.88,4845.0,34996.0,0.8749
0.89,4460.0,35387.0,0.884675
0.9,4059.0,35767.0,0.894175
0.91,3654.0,36165.0,0.904125
0.92,3225.0,36612.0,0.9153
0.93,2850.0,36983.0,0.924575
0.94,2440.0,37385.0,0.934625
0.95,2061.0,37780.0,0.9445
0.96,1615.0,38181.0,0.954525
0.97,1201.0,38643.0,0.966075
0.98,840.0,39003.0,0.975075
0.99,429.0,39397.0,0.984925
1.0,1.0,39822.0,0.99555
,,,
0.0,250000.0,1.0,4e-06
0.01,249954.0,2.0,8e-06
0.02,249801.0,4.0,1.6e-05
0.03,249548.0,4.0,1.6e-05
0.04,249197.0,5.0,2e-05
0.05,248773.0,5.0,2e-05
0.06,248200.0,6.0,2.4e-05
0.07,247543.0,6.0,2.4e-05
0.08,246795.0,6.0,2.4e-05
0.09,245946.0,6.0,2.4e-05
0.1,244987.0,7.0,2.8e-05
0.11,243939.0,8.0,3.2e-05
0.12,242831.0,9.0,3.6e-05
0.13,241571.0,13.0,5.2e-05
0.14,240230.0,13.0,5.2e-05
0.15,238833.0,14.0,5.6e-05
0.16,237372.0,15.0,6e-05
0.17,235697.0,16.0,6.4e-05
0.18,233996.0,16.0,6.4e-05
0.19,232117.0,16.0,6.4e-05
0.2,230302.0,17.0,6.8e-05
0.21,228419.0,17.0,6.8e-05
0.22,226341.0,20.0,8e-05
0.23,224163.0,21.0,8.4e-05
0.24,221953.0,23.0,9.2e-05
0.25,219626.0,23.0,9.2e-05
0.26,217262.0,25.0,0.0001
0.27,214728.0,31.0,0.000124
0.28,212179.0,33.0,0.000132
0.29,209587.0,33.0,0.000132
0.3,206917.0,33.0,0.000132
0.31,204085.0,43.0,0.000172
0.32,201179.0,43.0,0.000172
0.33,198268.0,45.0,0.00018
0.34,195300.0,47.0,0.000188
0.35,192280.0,50.0,0.0002
0.36,189185.0,52.0,0.000208
0.37,186069.0,56.0,0.000224
0.38,182821.0,59.0,0.000236
0.39,179489.0,71.0,0.000284
0.4,176239.0,88.0,0.000352
0.41,173009.0,89.0,0.000356
0.42,169584.0,156.0,0.000624
0.43,166310.0,159.0,0.000636
0.44,162937.0,169.0,0.000676
0.45,159335.0,189.0,0.000756
0.46,155754.0,214.0,0.000856
0.47,152133.0,231.0,0.000924
0.48,148515.0,281.0,0.001124
0.49,144827.0,313.0,0.001252
0.5,141097.0,426.0,0.001704
0.51,137506.0,537.0,0.002148
0.52,133887.0,677.0,0.002708
0.53,130207.0,882.0,0.003528
0.54,126540.0,1277.0,0.005108
0.55,122857.0,1707.0,0.006828
0.56,119455.0,2200.0,0.0088
0.57,115885.0,4153.0,0.016612
0.58,112415.0,10303.0,0.041212
0.59,109017.0,13591.0,0.054364
0.6,105731.0,24661.0,0.098644
0.61,102467.0,107220.0,0.42888
0.62,99403.0,126784.0,0.507136
0.63,96383.0,139307.0,0.557228
0.64,93438.0,145191.0,0.580764
0.65,90418.0,150152.0,0.600608
0.66,87496.0,154941.0,0.619764
0.67,84641.0,159093.0,0.636372
0.68,81767.0,162861.0,0.651444
0.69,78986.0,166596.0,0.666384
0.7,76285.0,169903.0,0.679612
0.71,73624.0,172854.0,0.691416
0.72,70903.0,175758.0,0.703032
0.73,68191.0,178767.0,0.715068
0.74,65588.0,181669.0,0.726676
0.75,62970.0,184345.0,0.73738
0.76,60314.0,187091.0,0.748364
0.77,57718.0,189862.0,0.759448
0.78,55149.0,192515.0,0.77006
0.79,52580.0,195125.0,0.7805
0.8,50078.0,197722.0,0.790888
0.81,47539.0,200216.0,0.800864
0.82,44970.0,202774.0,0.811096
0.83,42427.0,205376.0,0.821504
0.84,39829.0,207921.0,0.831684
0.85,37246.0,210510.0,0.84204
0.86,34752.0,213089.0,0.852356
0.87,32300.0,215595.0,0.86238
0.88,29866.0,218042.0,0.872168
0.89,27417.0,220462.0,0.881848
0.9,24863.0,222938.0,0.891752
0.91,22372.0,225503.0,0.902012
0.92,19811.0,227985.0,0.91194
0.93,17363.0,230538.0,0.922152
0.94,14892.0,233009.0,0.932036
0.95,12425.0,235468.0,0.941872
0.96,9954.0,237930.0,0.95172
0.97,7588.0,240386.0,0.961544
0.98,4974.0,242771.0,0.971084
0.99,2473.0,245395.0,0.98158
1.0,1.0,247907.0,0.991628
,,,
0.0,250000.0,1.0,4e-06
0.01,249958.0,2.0,8e-06
0.02,249779.0,3.0,1.2e-05
0.03,249526.0,4.0,1.6e-05
0.04,249178.0,4.0,1.6e-05
0.05,248751.0,5.0,2e-05
0.06,248207.0,6.0,2.4e-05
0.07,247562.0,6.0,2.4e-05
0.08,246833.0,9.0,3.6e-05
0.09,245981.0,9.0,3.6e-05
0.1,244995.0,9.0,3.6e-05
0.11,243921.0,9.0,3.6e-05
0.12,242840.0,9.0,3.6e-05
0.13,241523.0,9.0,3.6e-05
0.14,240304.0,9.0,3.6e-05
0.15,238902.0,10.0,4e-05
0.16,237363.0,11.0,4.4e-05
0.17,235722.0,13.0,5.2e-05
0.18,233962.0,13.0,5.2e-05
0.19,232258.0,15.0,6e-05
0.2,230406.0,15.0,6e-05
0.21,228441.0,15.0,6e-05
0.22,226370.0,16.0,6.4e-05
0.23,224270.0,19.0,7.6e-05
0.24,222118.0,27.0,0.000108
0.25,219761.0,27.0,0.000108
0.26,217322.0,39.0,0.000156
0.27,214769.0,39.0,0.000156
0.28,212180.0,40.0,0.00016
0.29,209528.0,40.0,0.00016
0.3,206819.0,41.0,0.000164
0.31,204000.0,42.0,0.000168
0.32,201150.0,43.0,0.000172
0.33,198246.0,52.0,0.000208
0.34,195212.0,52.0,0.000208
0.35,192337.0,60.0,0.00024
0.36,189157.0,62.0,0.000248
0.37,185997.0,70.0,0.00028
0.38,182784.0,81.0,0.000324
0.39,179614.0,85.0,0.00034
0.4,176287.0,88.0,0.000352
0.41,172874.0,124.0,0.000496
0.42,169428.0,130.0,0.00052
0.43,166099.0,136.0,0.000544
0.44,162573.0,165.0,0.00066
0.45,159126.0,203.0,0.000812
0.46,155478.0,210.0,0.00084
0.47,151974.0,276.0,0.001104
0.48,148464.0,288.0,0.001152
0.49,144703.0,332.0,0.001328
0.5,141031.0,377.0,0.001508
0.51,137538.0,605.0,0.00242
0.52,133834.0,641.0,0.002564
0.53,130218.0,927.0,0.003708
0.54,126597.0,1176.0,0.004704
0.55,123045.0,1599.0,0.006396
0.56,119437.0,2509.0,0.010036
0.57,115987.0,3996.0,0.015984
0.58,112554.0,4568.0,0.018272
0.59,109185.0,10744.0,0.042976
0.6,105929.0,23330.0,0.09332
0.61,102923.0,77127.0,0.308508
0.62,99773.0,131023.0,0.524092
0.63,96677.0,137803.0,0.551212
0.64,93750.0,143647.0,0.574588
0.65,90859.0,149184.0,0.596736
0.66,87925.0,154289.0,0.617156
0.67,85079.0,158673.0,0.634692
0.68,82274.0,162349.0,0.649396
0.69,79454.0,165787.0,0.663148
0.7,76697.0,169210.0,0.67684
0.71,73928.0,172271.0,0.689084
0.72,71232.0,175426.0,0.701704
0.73,68506.0,178469.0,0.713876
0.74,65764.0,181368.0,0.725472
0.75,63081.0,184228.0,0.736912
0.76,60529.0,186958.0,0.747832
0.77,57865.0,189665.0,0.75866
0.78,55221.0,192404.0,0.769616
0.79,52642.0,195105.0,0.78042
0.8,50017.0,197736.0,0.790944
0.81,47515.0,200342.0,0.801368
0.82,44981.0,202859.0,0.811436
0.83,42469.0,205393.0,0.821572
0.84,40022.0,207926.0,0.831704
0.85,37546.0,210401.0,0.841604
0.86,35079.0,212856.0,0.851424
0.87,32649.0,215333.0,0.861332
0.88,30072.0,217775.0,0.8711
0.89,27606.0,220345.0,0.88138
0.9,25135.0,222802.0,0.891208
0.91,22623.0,225248.0,0.900992
0.92,20138.0,227785.0,0.91114
0.93,17632.0,230261.0,0.921044
0.94,15108.0,232828.0,0.931312
0.95,12569.0,235313.0,0.941252
0.96,10048.0,237848.0,0.951392
0.97,7486.0,240412.0,0.961648
0.98,5044.0,242902.0,0.971608
0.99,2550.0,245333.0,0.981332
1.0,1.0,247871.0,0.991484
,,,
0.0,250000.0,1.0,4e-06
0.01,249951.0,2.0,8e-06
0.02,249808.0,3.0,1.2e-05
0.03,249552.0,4.0,1.6e-05
0.04,249216.0,4.0,1.6e-05
0.05,248727.0,4.0,1.6e-05
0.06,248199.0,5.0,2e-05
0.07,247572.0,6.0,2.4e-05
0.08,246837.0,6.0,2.4e-05
0.09,246070.0,6.0,2.4e-05
0.1,245164.0,7.0,2.8e-05
0.11,244070.0,7.0,2.8e-05
0.12,242923.0,9.0,3.6e-05
0.13,241696.0,10.0,4e-05
0.14,240398.0,11.0,4.4e-05
0.15,238913.0,11.0,4.4e-05
0.16,237396.0,11.0,4.4e-05
0.17,235834.0,14.0,5.6e-05
0.18,234165.0,14.0,5.6e-05
0.19,232422.0,14.0,5.6e-05
0.2,230579.0,15.0,6e-05
0.21,228545.0,15.0,6e-05
0.22,226543.0,16.0,6.4e-05
0.23,224479.0,19.0,7.6e-05
0.24,222168.0,19.0,7.6e-05
0.25,219850.0,20.0,8e-05
0.26,217430.0,23.0,9.2e-05
0.27,214903.0,29.0,0.000116
0.28,212383.0,29.0,0.000116
0.29,209840.0,33.0,0.000132
0.3,207099.0,34.0,0.000136
0.31,204315.0,34.0,0.000136
0.32,201499.0,38.0,0.000152
0.33,198675.0,39.0,0.000156
0.34,195686.0,45.0,0.00018
0.35,192692.0,48.0,0.000192
0.36,189602.0,53.0,0.000212
0.37,186433.0,54.0,0.000216
0.38,183308.0,62.0,0.000248
0.39,180163.0,68.0,0.000272
0.4,176794.0,84.0,0.000336
0.41,173586.0,93.0,0.000372
0.42,170132.0,101.0,0.000404
0.43,166760.0,128.0,0.000512
0.44,163227.0,128.0,0.000512
0.45,159683.0,135.0,0.00054
0.46,156235.0,206.0,0.000824
0.47,152673.0,243.0,0.000972
0.48,149003.0,270.0,0.00108
0.49,145343.0,293.0,0.001172
0.5,141689.0,439.0,0.001756
0.51,138027.0,600.0,0.0024
0.52,134309.0,772.0,0.003088
0.53,130752.0,784.0,0.003136
0.54,127243.0,932.0,0.003728
0.55,123660.0,1727.0,0.006908
0.56,120123.0,1914.0,0.007656
0.57,116590.0,3887.0,0.015548
0.58,113255.0,7530.0,0.03012
0.59,109893.0,15829.0,0.063316
0.6,106678.0,77614.0,0.310456
0.61,103494.0,104793.0,0.419172
0.62,100349.0,123752.0,0.495008
0.63,97215.0,137524.0,0.550096
0.64,94040.0,143627.0,0.574508
0.65,91094.0,149807.0,0.599228
0.66,88156.0,154834.0,0.619336
0.67,85126.0,159079.0,0.636316
0.68,82378.0,162740.0,0.65096
0.69,79657.0,166151.0,0.664604
0.7,76913.0,169349.0,0.677396
0.71,74140.0,172549.0,0.690196
0.72,71511.0,175560.0,0.70224
0.73,68877.0,178497.0,0.713988
0.74,66157.0,181289.0,0.725156
0.75,63555.0,184092.0,0.736368
0.76,60836.0,186846.0,0.747384
0.77,58221.0,189565.0,0.75826
0.78,55608.0,192260.0,0.76904
0.79,53088.0,194848.0,0.779392
0.8,50504.0,197462.0,0.789848
0.81,47926.0,200088.0,0.800352
0.82,45381.0,202660.0,0.81064
0.83,42829.0,205213.0,0.820852
0.84,40206.0,207770.0,0.83108
0.85,37711.0,210405.0,0.84162
0.86,35184.0,212954.0,0.851816
0.87,32615.0,215448.0,0.861792
0.88,30141.0,217995.0,0.87198
0.89,27704.0,220450.0,0.8818
0.9,25227.0,222900.0,0.8916
0.91,22736.0,225372.0,0.901488
0.92,20213.0,227890.0,0.91156
0.93,17717.0,230452.0,0.921808
0.94,15204.0,232947.0,0.931788
0.95,12673.0,235419.0,0.941676
0.96,10188.0,237942.0,0.951768
0.97,7582.0,240474.0,0.961896
0.98,4998.0,243059.0,0.972236
0.99,2474.0,245642.0,0.982568
1.0,1.0,248156.0,0.992624
,,,
0.0,250000.0,1.0,4e-06
0.01,249946.0,2.0,8e-06
0.02,249787.0,3.0,1.2e-05
0.03,249543.0,4.0,1.6e-05
0.04,249229.0,4.0,1.6e-05
0.05,248755.0,5.0,2e-05
0.06,248226.0,6.0,2.4e-05
0.07,247658.0,6.0,2.4e-05
0.08,246917.0,7.0,2.8e-05
0.09,246089.0,8.0,3.2e-05
0.1,245147.0,8.0,3.2e-05
0.11,244114.0,9.0,3.6e-05
0.12,243037.0,9.0,3.6e-05
0.13,241869.0,10.0,4e-05
0.14,240543.0,11.0,4.4e-05
0.15,239191.0,11.0,4.4e-05
0.16,237669.0,11.0,4.4e-05
0.17,236054.0,12.0,4.8e-05
0.18,234454.0,13.0,5.2e-05
0.19,232614.0,16.0,6.4e-05
0.2,230757.0,17.0,6.8e-05
0.21,228849.0,19.0,7.6e-05
0.22,226779.0,19.0,7.6e-05
0.23,224580.0,20.0,8e-05
0.24,222405.0,20.0,8e-05
0.25,220121.0,21.0,8.4e-05
0.26,217775.0,31.0,0.000124
0.27,215367.0,31.0,0.000124
0.28,212905.0,31.0,0.000124
0.29,210164.0,32.0,0.000128
0.3,207575.0,34.0,0.000136
0.31,204740.0,36.0,0.000144
0.32,201852.0,36.0,0.000144
0.33,199015.0,39.0,0.000156
0.34,196049.0,44.0,0.000176
0.35,193209.0,51.0,0.000204
0.36,190068.0,57.0,0.000228
0.37,186893.0,70.0,0.00028
0.38,183788.0,75.0,0.0003
0.39,180439.0,76.0,0.000304
0.4,177153.0,82.0,0.000328
0.41,173875.0,99.0,0.000396
0.42,170425.0,104.0,0.000416
0.43,166931.0,127.0,0.000508
0.44,163432.0,135.0,0.00054
0.45,159972.0,165.0,0.00066
0.46,156456.0,167.0,0.000668
0.47,153015.0,274.0,0.001096
0.48,149557.0,336.0,0.001344
0.49,145925.0,357.0,0.001428
0.5,142404.0,366.0,0.001464
0.51,138741.0,535.0,0.00214
0.52,135023.0,628.0,0.002512
0.53,131466.0,687.0,0.002748
0.54,127895.0,804.0,0.003216
0.55,124296.0,1387.0,0.005548
0.56,120731.0,1645.0,0.00658
0.57,117219.0,3017.0,0.012068
0.58,113704.0,4520.0,0.01808
0.59,110360.0,16189.0,0.064756
0.6,107014.0,44197.0,0.176788
0.61,103743.0,65648.0,0.262592
0.62,100542.0,128166.0,0.512664
0.63,97491.0,138661.0,0.554644
0.64,94499.0,143914.0,0.575656
0.65,91497.0,149498.0,0.597992
0.66,88456.0,154342.0,0.617368
0.67,85557.0,158552.0,0.634208
0.68,82788.0,162427.0,0.649708
0.69,80024.0,165665.0,0.66266
0.7,77196.0,168863.0,0.675452
0.71,74392.0,172127.0,0.688508
0.72,71733.0,175084.0,0.700336
0.73,69043.0,178068.0,0.712272
0.74,66375.0,180912.0,0.723648
0.75,63733.0,183638.0,0.734552
0.76,61109.0,186397.0,0.745588
0.77,58401.0,189108.0,0.756432
0.78,55871.0,191896.0,0.767584
0.79,53204.0,194508.0,0.778032
0.8,50562.0,197226.0,0.788904
0.81,47960.0,199886.0,0.799544
0.82,45409.0,202478.0,0.809912
0.83,42783.0,205041.0,0.820164
0.84,40210.0,207655.0,0.83062
0.85,37656.0,210234.0,0.840936
0.86,35193.0,212796.0,0.851184
0.87,32601.0,215280.0,0.86112
0.88,30145.0,217884.0,0.871536
0.89,27593.0,220335.0,0.88134
0.9,25154.0,222872.0,0.891488
0.91,22674.0,225316.0,0.901264
0.92,20125.0,227801.0,0.911204
0.93,17643.0,230326.0,0.921304
0.94,15092.0,232832.0,0.931328
0.95,12580.0,235398.0,0.941592
0.96,10024.0,237877.0,0.951508
0.97,7577.0,240439.0,0.961756
0.98,5013.0,242878.0,0.971512
0.99,2448.0,245474.0,0.981896
1.0,1.0,248035.0,0.99214
,,,
0.0,250000.0,1.0,4e-06
0.01,249956.0,2.0,8e-06
0.02,249797.0,4.0,1.6e-05
0.03,249550.0,4.0,1.6e-05
0.04,249200.0,5.0,2e-05
0.05,248779.0,6.0,2.4e-05
0.06,248260.0,6.0,2.4e-05
0.07,247614.0,6.0,2.4e-05
0.08,246891.0,6.0,2.4e-05
0.09,246048.0,6.0,2.4e-05
0.1,245085.0,8.0,3.2e-05
0.11,244050.0,9.0,3.6e-05
0.12,242858.0,10.0,4e-05
0.13,241551.0,10.0,4e-05
0.14,240261.0,11.0,4.4e-05
0.15,238811.0,14.0,5.6e-05
0.16,237308.0,20.0,8e-05
0.17,235768.0,20.0,8e-05
0.18,234116.0,22.0,8.8e-05
0.19,232401.0,22.0,8.8e-05
0.2,230594.0,23.0,9.2e-05
0.21,228584.0,23.0,9.2e-05
0.22,226553.0,25.0,0.0001
0.23,224430.0,25.0,0.0001
0.24,222182.0,25.0,0.0001
0.25,219933.0,27.0,0.000108
0.26,217533.0,27.0,0.000108
0.27,215104.0,28.0,0.000112
0.28,212483.0,29.0,0.000116
0.29,209927.0,32.0,0.000128
0.3,207232.0,32.0,0.000128
0.31,204422.0,39.0,0.000156
0.32,201611.0,42.0,0.000168
0.33,198667.0,42.0,0.000168
0.34,195770.0,49.0,0.000196
0.35,192749.0,51.0,0.000204
0.36,189498.0,51.0,0.000204
0.37,186466.0,57.0,0.000228
0.38,183217.0,72.0,0.000288
0.39,179891.0,73.0,0.000292
0.4,176760.0,99.0,0.000396
0.41,173382.0,110.0,0.00044
0.42,170117.0,121.0,0.000484
0.43,166595.0,122.0,0.000488
0.44,163160.0,124.0,0.000496
0.45,159604.0,191.0,0.000764
0.46,156122.0,221.0,0.000884
0.47,152485.0,360.0,0.00144
0.48,149023.0,470.0,0.00188
0.49,145538.0,484.0,0.001936
0.5,141893.0,568.0,0.002272
0.51,138322.0,602.0,0.002408
0.52,134764.0,661.0,0.002644
0.53,131217.0,863.0,0.003452
0.54,127769.0,922.0,0.003688
0.55,124103.0,1361.0,0.005444
0.56,120499.0,2698.0,0.010792
0.57,117054.0,4956.0,0.019824
0.58,113580.0,6655.0,0.02662
0.59,110124.0,14796.0,0.059184
0.6,106818.0,24692.0,0.098768
0.61,103581.0,104297.0,0.417188
0.62,100451.0,123793.0,0.495172
0.63,97314.0,137984.0,0.551936
0.64,94246.0,145052.0,0.580208
0.65,91201.0,150807.0,0.603228
0.66,88254.0,155390.0,0.62156
0.67,85336.0,159628.0,0.638512
0.68,82546.0,163349.0,0.653396
0.69,79805.0,166555.0,0.66622
0.7,77006.0,169897.0,0.679588
0.71,74200.0,173072.0,0.692288
0.72,71340.0,176196.0,0.704784
0.73,68694.0,179211.0,0.716844
0.74,66117.0,182003.0,0.728012
0.75,63499.0,184612.0,0.738448
0.76,60842.0,187371.0,0.749484
0.77,58195.0,190145.0,0.76058
0.78,55607.0,192783.0,0.771132
0.79,53004.0,195401.0,0.781604
0.8,50467.0,198001.0,0.792004
0.81,47862.0,200593.0,0.802372
0.82,45321.0,203185.0,0.81274
0.83,42758.0,205768.0,0.823072
0.84,40327.0,208298.0,0.833192
0.85,37666.0,210804.0,0.843216
0.86,34974.0,213503.0,0.854012
0.87,32449.0,216088.0,0.864352
0.88,29941.0,218653.0,0.874612
0.89,27396.0,221184.0,0.884736
0.9,24921.0,223723.0,0.894892
0.91,22401.0,226150.0,0.9046
0.92,19962.0,228613.0,0.914452
0.93,17359.0,231134.0,0.924536
0.94,14893.0,233662.0,0.934648
0.95,12422.0,236171.0,0.944684
0.96,9964.0,238619.0,0.954476
0.97,7497.0,241111.0,0.964444
0.98,4989.0,243578.0,0.974312
0.99,2493.0,246068.0,0.984272
1.0,1.0,248560.0,0.99424
,,,
0.0,1000000.0,1.0,1e-06
0.01,999801.0,2.0,2e-06
0.02,999209.0,4.0,4e-06
0.03,998153.0,4.0,4e-06
0.04,996799.0,5.0,5e-06
0.05,995004.0,5.0,5e-06
0.06,992780.0,7.0,7e-06
0.07,990258.0,7.0,7e-06
0.08,987254.0,8.0,8e-06
0.09,983861.0,9.0,9e-06
0.1,980234.0,11.0,1.1e-05
0.11,975984.0,12.0,1.2e-05
0.12,971500.0,14.0,1.4e-05
0.13,966522.0,14.0,1.4e-05
0.14,961139.0,15.0,1.5e-05
0.15,955444.0,15.0,1.5e-05
0.16,949526.0,16.0,1.6e-05
0.17,943122.0,17.0,1.7e-05
0.18,936412.0,20.0,2e-05
0.19,929218.0,21.0,2.1e-05
0.2,921819.0,21.0,2.1e-05
0.21,913962.0,22.0,2.2e-05
0.22,905884.0,24.0,2.4e-05
0.23,897373.0,24.0,2.4e-05
0.24,888769.0,25.0,2.5e-05
0.25,879357.0,26.0,2.6e-05
0.26,869881.0,31.0,3.1e-05
0.27,859897.0,31.0,3.1e-05
0.28,849781.0,34.0,3.4e-05
0.29,839492.0,38.0,3.8e-05
0.3,828620.0,39.0,3.9e-05
0.31,817774.0,50.0,5e-05
0.32,806698.0,50.0,5e-05
0.33,795116.0,55.0,5.5e-05
0.34,783576.0,60.0,6e-05
0.35,771637.0,65.0,6.5e-05
0.36,759129.0,65.0,6.5e-05
0.37,746542.0,68.0,6.8e-05
0.38,733794.0,93.0,9.3e-05
0.39,720665.0,113.0,0.000113
0.4,707503.0,132.0,0.000132
0.41,693992.0,134.0,0.000134
0.42,680389.0,144.0,0.000144
0.43,666679.0,155.0,0.000155
0.44,652439.0,171.0,0.000171
0.45,638563.0,195.0,0.000195
0.46,624168.0,198.0,0.000198
0.47,610036.0,227.0,0.000227
0.48,595548.0,310.0,0.00031
0.49,581376.0,373.0,0.000373
0.5,566838.0,422.0,0.000422
0.51,552394.0,589.0,0.000589
0.52,537943.0,737.0,0.000737
0.53,523501.0,1038.0,0.001038
0.54,509079.0,1515.0,0.001515
0.55,494682.0,2482.0,0.002482
0.56,480587.0,3210.0,0.00321
0.57,466699.0,6889.0,0.006889
0.58,452866.0,11914.0,0.011914
0.59,439288.0,20344.0,0.020344
0.6,426130.0,115495.0,0.115495
0.61,413199.0,382907.0,0.382907
0.62,400554.0,516410.0,0.51641
0.63,388089.0,551634.0,0.551634
0.64,376099.0,577611.0,0.577611
0.65,364231.0,598794.0,0.598794
0.66,352680.0,617352.0,0.617352
0.67,341356.0,633449.0,0.633449
0.68,330136.0,648066.0,0.648066
0.69,318857.0,661741.0,0.661741
0.7,307698.0,675141.0,0.675141
0.71,296876.0,687809.0,0.687809
0.72,286144.0,699600.0,0.6996
0.73,275460.0,711304.0,0.711304
0.74,264758.0,722647.0,0.722647
0.75,253926.0,733919.0,0.733919
0.76,243437.0,745116.0,0.745116
0.77,233049.0,756062.0,0.756062
0.78,222700.0,766667.0,0.766667
0.79,212418.0,777278.0,0.777278
0.8,201971.0,787696.0,0.787696
0.81,191468.0,798295.0,0.798295
0.82,181227.0,808838.0,0.808838
0.83,170985.0,819082.0,0.819082
0.84,160734.0,829387.0,0.829387
0.85,150568.0,839684.0,0.839684
0.86,140722.0,849801.0,0.849801
0.87,130624.0,859717.0,0.859717
0.88,120380.0,869830.0,0.86983
0.89,110179.0,880009.0,0.880009
0.9,100346.0,890268.0,0.890268
0.91,90351.0,900080.0,0.90008
0.92,80396.0,910064.0,0.910064
0.93,70280.0,920033.0,0.920033
0.94,60262.0,930168.0,0.930168
0.95,50070.0,940183.0,0.940183
0.96,40091.0,950411.0,0.950411
0.97,30093.0,960374.0,0.960374
0.98,20021.0,970334.0,0.970334
0.99,10068.0,980442.0,0.980442
1.0,1.0,990345.0,0.990345
,,,
0.0,1000000.0,1.0,1e-06
0.01,999802.0,2.0,2e-06
0.02,999279.0,3.0,3e-06
0.03,998277.0,4.0,4e-06
0.04,996962.0,4.0,4e-06
0.05,995107.0,5.0,5e-06
0.06,992949.0,10.0,1e-05
0.07,990295.0,10.0,1e-05
0.08,987376.0,10.0,1e-05
0.09,984000.0,10.0,1e-05
0.1,980192.0,11.0,1.1e-05
0.11,976125.0,11.0,1.1e-05
0.12,971487.0,12.0,1.2e-05
0.13,966578.0,12.0,1.2e-05
0.14,961230.0,13.0,1.3e-05
0.15,955551.0,13.0,1.3e-05
0.16,949547.0,14.0,1.4e-05
0.17,943219.0,17.0,1.7e-05
0.18,936507.0,17.0,1.7e-05
0.19,929457.0,21.0,2.1e-05
0.2,921985.0,24.0,2.4e-05
0.21,914128.0,24.0,2.4e-05
0.22,905913.0,24.0,2.4e-05
0.23,897492.0,24.0,2.4e-05
0.24,888606.0,24.0,2.4e-05
0.25,879593.0,25.0,2.5e-05
0.26,870074.0,28.0,2.8e-05
0.27,860131.0,33.0,3.3e-05
0.28,849934.0,38.0,3.8e-05
0.29,839354.0,39.0,3.9e-05
0.3,828713.0,45.0,4.5e-05
0.31,817616.0,48.0,4.8e-05
0.32,806316.0,55.0,5.5e-05
0.33,794708.0,58.0,5.8e-05
0.34,782796.0,58.0,5.8e-05
0.35,770858.0,67.0,6.7e-05
0.36,758526.0,69.0,6.9e-05
0.37,745696.0,70.0,7e-05
0.38,732669.0,84.0,8.4e-05
0.39,719532.0,118.0,0.000118
0.4,706307.0,120.0,0.00012
0.41,692816.0,139.0,0.000139
0.42,679193.0,155.0,0.000155
0.43,665535.0,157.0,0.000157
0.44,651904.0,166.0,0.000166
0.45,637964.0,183.0,0.000183
0.46,623577.0,275.0,0.000275
0.47,609249.0,312.0,0.000312
0.48,595076.0,328.0,0.000328
0.49,580758.0,451.0,0.000451
0.5,566109.0,584.0,0.000584
0.51,551608.0,849.0,0.000849
0.52,537130.0,1059.0,0.001059
0.53,522989.0,1084.0,0.001084
0.54,508691.0,1485.0,0.001485
0.55,494504.0,1994.0,0.001994
0.56,480393.0,4849.0,0.004849
0.57,466439.0,7405.0,0.007405
0.58,452702.0,11870.0,0.01187
0.59,439212.0,31476.0,0.031476
0.6,425847.0,107098.0,0.107098
0.61,412937.0,421361.0,0.421361
0.62,400463.0,512848.0,0.512848
0.63,388161.0,549893.0,0.549893
0.64,376112.0,576057.0,0.576057
0.65,364053.0,598249.0,0.598249
0.66,352367.0,617040.0,0.61704
0.67,340849.0,633690.0,0.63369
0.68,329583.0,649036.0,0.649036
0.69,318246.0,663216.0,0.663216
0.7,306920.0,676266.0,0.676266
0.71,296197.0,688969.0,0.688969
0.72,285127.0,700843.0,0.700843
0.73,274356.0,713002.0,0.713002
0.74,263718.0,724361.0,0.724361
0.75,253161.0,735418.0,0.735418
0.76,242607.0,746387.0,0.746387
0.77,232309.0,757329.0,0.757329
0.78,221920.0,767822.0,0.767822
0.79,211366.0,778386.0,0.778386
0.8,201159.0,789027.0,0.789027
0.81,190867.0,799386.0,0.799386
0.82,180571.0,809773.0,0.809773
0.83,170379.0,820070.0,0.82007
0.84,160325.0,830273.0,0.830273
0.85,150008.0,840365.0,0.840365
0.86,139740.0,850690.0,0.85069
0.87,129823.0,860939.0,0.860939
0.88,119686.0,870869.0,0.870869
0.89,109661.0,881004.0,0.881004
0.9,99706.0,891047.0,0.891047
0.91,89688.0,900969.0,0.900969
0.92,79747.0,910978.0,0.910978
0.93,69715.0,920989.0,0.920989
0.94,59697.0,931054.0,0.931054
0.95,49837.0,941024.0,0.941024
0.96,40004.0,950839.0,0.950839
0.97,30056.0,960690.0,0.96069
0.98,20052.0,970648.0,0.970648
0.99,9983.0,980680.0,0.98068
1.0,1.0,990750.0,0.99075
,,,
0.0,1000000.0,1.0,1e-06
0.01,999788.0,2.0,2e-06
0.02,999195.0,3.0,3e-06
0.03,998174.0,5.0,5e-06
0.04,996887.0,5.0,5e-06
0.05,995148.0,6.0,6e-06
0.06,993001.0,6.0,6e-06
0.07,990557.0,6.0,6e-06
0.08,987667.0,7.0,7e-06
0.09,984415.0,7.0,7e-06
0.1,980512.0,8.0,8e-06
0.11,976537.0,9.0,9e-06
0.12,972050.0,10.0,1e-05
0.13,967154.0,10.0,1e-05
0.14,961983.0,11.0,1.1e-05
0.15,956302.0,11.0,1.1e-05
0.16,950206.0,18.0,1.8e-05
0.17,943703.0,19.0,1.9e-05
0.18,936811.0,19.0,1.9e-05
0.19,929654.0,22.0,2.2e-05
0.2,921913.0,25.0,2.5e-05
0.21,914112.0,27.0,2.7e-05
0.22,906109.0,28.0,2.8e-05
0.23,897630.0,29.0,2.9e-05
0.24,888528.0,29.0,2.9e-05
0.25,879262.0,29.0,2.9e-05
0.26,869658.0,29.0,2.9e-05
0.27,859796.0,29.0,2.9e-05
0.28,849626.0,35.0,3.5e-05
0.29,839195.0,38.0,3.8e-05
0.3,828341.0,38.0,3.8e-05
0.31,817338.0,53.0,5.3e-05
0.32,806122.0,53.0,5.3e-05
0.33,794555.0,55.0,5.5e-05
0.34,782684.0,56.0,5.6e-05
0.35,770346.0,62.0,6.2e-05
0.36,758116.0,69.0,6.9e-05
0.37,745445.0,70.0,7e-05
0.38,732209.0,72.0,7.2e-05
0.39,719257.0,85.0,8.5e-05
0.4,706030.0,100.0,0.0001
0.41,692631.0,123.0,0.000123
0.42,678804.0,126.0,0.000126
0.43,664904.0,138.0,0.000138
0.44,651070.0,140.0,0.00014
0.45,637070.0,197.0,0.000197
0.46,622930.0,201.0,0.000201
0.47,608743.0,265.0,0.000265
0.48,594327.0,343.0,0.000343
0.49,579932.0,352.0,0.000352
0.5,565459.0,452.0,0.000452
0.51,551017.0,475.0,0.000475
0.52,536563.0,895.0,0.000895
0.53,522153.0,1075.0,0.001075
0.54,507802.0,1322.0,0.001322
0.55,493566.0,1759.0,0.001759
0.56,479629.0,2886.0,0.002886
0.57,465756.0,5768.0,0.005768
0.58,451946.0,23327.0,0.023327
0.59,438585.0,64627.0,0.064627
0.6,425413.0,341885.0,0.341885
0.61,412657.0,462102.0,0.462102
0.62,400140.0,529852.0,0.529852
0.63,387924.0,562958.0,0.562958
0.64,375878.0,586224.0,0.586224
0.65,364082.0,608171.0,0.608171
0.66,352758.0,624614.0,0.624614
0.67,341412.0,639880.0,0.63988
0.68,329920.0,654421.0,0.654421
0.69,318496.0,668500.0,0.6685
0.7,307309.0,681652.0,0.681652
0.71,296459.0,693943.0,0.693943
0.72,285688.0,705903.0,0.705903
0.73,275006.0,717517.0,0.717517
0.74,264273.0,728872.0,0.728872
0.75,253702.0,739894.0,0.739894
0.76,243290.0,750663.0,0.750663
0.77,232919.0,761465.0,0.761465
0.78,222615.0,771968.0,0.771968
0.79,212317.0,782402.0,0.782402
0.8,201963.0,792842.0,0.792842
0.81,191513.0,803365.0,0.803365
0.82,181306.0,813714.0,0.813714
0.83,171148.0,823932.0,0.823932
0.84,160968.0,834205.0,0.834205
0.85,150813.0,844398.0,0.844398
0.86,140617.0,854502.0,0.854502
0.87,130654.0,864633.0,0.864633
0.88,120635.0,874622.0,0.874622
0.89,110612.0,884599.0,0.884599
0.9,100558.0,894603.0,0.894603
0.91,90281.0,904834.0,0.904834
0.92,80031.0,915086.0,0.915086
0.93,70019.0,925244.0,0.925244
0.94,59731.0,935465.0,0.935465
0.95,49582.0,945560.0,0.94556
0.96,39481.0,955781.0,0.955781
0.97,29672.0,965664.0,0.965664
0.98,19771.0,975549.0,0.975549
0.99,9767.0,985476.0,0.985476
1.0,1.0,995425.0,0.995425
,,,
0.0,1000000.0,1.0,1e-06
0.01,999819.0,3.0,3e-06
0.02,999227.0,3.0,3e-06
0.03,998173.0,5.0,5e-06
0.04,996709.0,5.0,5e-06
0.05,994855.0,7.0,7e-06
0.06,992560.0,8.0,8e-06
0.07,990031.0,8.0,8e-06
0.08,987043.0,8.0,8e-06
0.09,983743.0,8.0,8e-06
0.1,979862.0,9.0,9e-06
0.11,975614.0,11.0,1.1e-05
0.12,971096.0,11.0,1.1e-05
0.13,966164.0,11.0,1.1e-05
0.14,960889.0,11.0,1.1e-05
0.15,955173.0,14.0,1.4e-05
0.16,949427.0,20.0,2e-05
0.17,943129.0,20.0,2e-05
0.18,936257.0,20.0,2e-05
0.19,929021.0,20.0,2e-05
0.2,921407.0,20.0,2e-05
0.21,913653.0,21.0,2.1e-05
0.22,905417.0,22.0,2.2e-05
0.23,896863.0,22.0,2.2e-05
0.24,887965.0,24.0,2.4e-05
0.25,878559.0,25.0,2.5e-05
0.26,869053.0,32.0,3.2e-05
0.27,859281.0,35.0,3.5e-05
0.28,849172.0,36.0,3.6e-05
0.29,838860.0,39.0,3.9e-05
0.3,828103.0,40.0,4e-05
0.31,816871.0,43.0,4.3e-05
0.32,805561.0,44.0,4.4e-05
0.33,793792.0,52.0,5.2e-05
0.34,781924.0,66.0,6.6e-05
0.35,769645.0,66.0,6.6e-05
0.36,757317.0,66.0,6.6e-05
0.37,744484.0,69.0,6.9e-05
0.38,731636.0,87.0,8.7e-05
0.39,718508.0,94.0,9.4e-05
0.4,705054.0,131.0,0.000131
0.41,691792.0,132.0,0.000132
0.42,678024.0,158.0,0.000158
0.43,664080.0,272.0,0.000272
0.44,650093.0,272.0,0.000272
0.45,636082.0,281.0,0.000281
0.46,622067.0,292.0,0.000292
0.47,607622.0,303.0,0.000303
0.48,593265.0,312.0,0.000312
0.49,578806.0,400.0,0.0004
0.5,564202.0,499.0,0.000499
0.51,549859.0,899.0,0.000899
0.52,535324.0,975.0,0.000975
0.53,520973.0,1025.0,0.001025
0.54,506351.0,1469.0,0.001469
0.55,491984.0,1872.0,0.001872
0.56,477910.0,3683.0,0.003683
0.57,464143.0,14398.0,0.014398
0.58,450493.0,30869.0,0.030869
0.59,436975.0,80322.0,0.080322
0.6,423923.0,148341.0,0.148341
0.61,410885.0,463435.0,0.463435
0.62,398543.0,524933.0,0.524933
0.63,386222.0,556881.0,0.556881
0.64,374256.0,583001.0,0.583001
0.65,362320.0,603707.0,0.603707
0.66,350698.0,622010.0,0.62201
0.67,339097.0,638366.0,0.638366
0.68,327884.0,653268.0,0.653268
0.69,316772.0,666855.0,0.666855
0.7,305815.0,679789.0,0.679789
0.71,294849.0,692129.0,0.692129
0.72,284238.0,704198.0,0.704198
0.73,273447.0,715572.0,0.715572
0.74,262873.0,726985.0,0.726985
0.75,252258.0,737948.0,0.737948
0.76,241830.0,748845.0,0.748845
0.77,231452.0,759575.0,0.759575
0.78,220979.0,770077.0,0.770077
0.79,210638.0,780628.0,0.780628
0.8,200488.0,791039.0,0.791039
0.81,190389.0,801187.0,0.801187
0.82,180299.0,811495.0,0.811495
0.83,170146.0,821646.0,0.821646
0.84,160066.0,831777.0,0.831777
0.85,150037.0,841907.0,0.841907
0.86,139997.0,851901.0,0.851901
0.87,129863.0,862071.0,0.862071
0.88,119661.0,872236.0,0.872236
0.89,109744.0,882335.0,0.882335
0.9,99690.0,892308.0,0.892308
0.91,89735.0,902390.0,0.90239
0.92,79659.0,912381.0,0.912381
0.93,69653.0,922404.0,0.922404
0.94,59694.0,932288.0,0.932288
0.95,49784.0,942377.0,0.942377
0.96,39866.0,952217.0,0.952217
0.97,29974.0,962198.0,0.962198
0.98,20028.0,972101.0,0.972101
0.99,9930.0,982064.0,0.982064
1.0,1.0,992111.0,0.992111
,,,
0.0,1000000.0,1.0,1e-06
0.01,999782.0,3.0,3e-06
0.02,999196.0,3.0,3e-06
0.03,998167.0,4.0,4e-06
0.04,996729.0,5.0,5e-06
0.05,994865.0,6.0,6e-06
0.06,992682.0,7.0,7e-06
0.07,990121.0,7.0,7e-06
0.08,987145.0,8.0,8e-06
0.09,983830.0,10.0,1e-05
0.1,980138.0,10.0,1e-05
0.11,975984.0,10.0,1e-05
0.12,971394.0,10.0,1e-05
0.13,966375.0,12.0,1.2e-05
0.14,961134.0,12.0,1.2e-05
0.15,955422.0,14.0,1.4e-05
0.16,949317.0,14.0,1.4e-05
0.17,942849.0,18.0,1.8e-05
0.18,936084.0,21.0,2.1e-05
0.19,928982.0,23.0,2.3e-05
0.2,921557.0,33.0,3.3e-05
0.21,913683.0,33.0,3.3e-05
0.22,905442.0,34.0,3.4e-05
0.23,896833.0,38.0,3.8e-05
0.24,887839.0,41.0,4.1e-05
0.25,878591.0,41.0,4.1e-05
0.26,869000.0,41.0,4.1e-05
0.27,859304.0,41.0,4.1e-05
0.28,849267.0,44.0,4.4e-05
0.29,838694.0,44.0,4.4e-05
0.3,827539.0,44.0,4.4e-05
0.31,816486.0,44.0,4.4e-05
0.32,805153.0,45.0,4.5e-05
0.33,793514.0,47.0,4.7e-05
0.34,781604.0,64.0,6.4e-05
0.35,769662.0,76.0,7.6e-05
0.36,757101.0,76.0,7.6e-05
0.37,744424.0,78.0,7.8e-05
0.38,731487.0,86.0,8.6e-05
0.39,718675.0,94.0,9.4e-05
0.4,705547.0,109.0,0.000109
0.41,692107.0,126.0,0.000126
0.42,678364.0,130.0,0.00013
0.43,664573.0,163.0,0.000163
0.44,650764.0,199.0,0.000199
0.45,636693.0,208.0,0.000208
0.46,622572.0,220.0,0.00022
0.47,608277.0,233.0,0.000233
0.48,593936.0,356.0,0.000356
0.49,579606.0,378.0,0.000378
0.5,565215.0,402.0,0.000402
0.51,550724.0,643.0,0.000643
0.52,536597.0,1177.0,0.001177
0.53,521960.0,1273.0,0.001273
0.54,507738.0,1954.0,0.001954
0.55,493444.0,2312.0,0.002312
0.56,479491.0,2748.0,0.002748
0.57,465597.0,5166.0,0.005166
0.58,452220.0,18316.0,0.018316
0.59,438762.0,52886.0,0.052886
0.6,425619.0,98407.0,0.098407
0.61,412848.0,405571.0,0.405571
0.62,400228.0,511347.0,0.511347
0.63,387798.0,548589.0,0.548589
0.64,375717.0,576229.0,0.576229
0.65,363681.0,598228.0,0.598228
0.66,352149.0,616803.0,0.616803
0.67,340705.0,633322.0,0.633322
0.68,329223.0,648586.0,0.648586
0.69,317760.0,663039.0,0.663039
0.7,306616.0,676547.0,0.676547
0.71,295780.0,689199.0,0.689199
0.72,284978.0,701004.0,0.701004
0.73,274245.0,712663.0,0.712663
0.74,263632.0,724033.0,0.724033
0.75,253229.0,735095.0,0.735095
0.76,242769.0,745866.0,0.745866
0.77,232368.0,756596.0,0.756596
0.78,221777.0,767220.0,0.76722
0.79,211556.0,778023.0,0.778023
0.8,201309.0,788304.0,0.788304
0.81,190888.0,798661.0,0.798661
0.82,180722.0,809133.0,0.809133
0.83,170773.0,819385.0,0.819385
0.84,160654.0,829379.0,0.829379
0.85,150488.0,839533.0,0.839533
0.86,140350.0,849725.0,0.849725
0.87,130139.0,859877.0,0.859877
0.88,120243.0,870098.0,0.870098
0.89,110220.0,880002.0,0.880002
0.9,100223.0,890025.0,0.890025
0.91,90235.0,900017.0,0.900017
0.92,80181.0,910021.0,0.910021
0.93,70247.0,920086.0,0.920086
0.94,60136.0,930013.0,0.930013
0.95,50292.0,940121.0,0.940121
0.96,40333.0,949992.0,0.949992
0.97,30157.0,959913.0,0.959913
0.98,20146.0,970099.0,0.970099
0.99,9952.0,980120.0,0.98012
1.0,1.0,990321.0,0.990321
